4294967279,100
4294967279,99
4294967279,98
4294967279,97
4294967279,96
4294967279,95
4294967279,94
4294967279,93
4294967279,92
4294967279,91
4294967279,90
4294967279,89
4294967278,147
4294967278,146
4294967279,120
4294967279,119
4294967279,118
4294967279,117
4294967279,116
4294967279,115
4294967279,114
4294967279,113
4294967279,112
4294967279,111
4294967279,110
4294967279,109
4294967279,108
4294967279,107
4294967279,106
4294967279,105
4294967279,104
4294967279,103
4294967279,102
4294967279,101
4294967278,340
4294967294,1167
4294967294,1166
4294967294,1164
4294967294,1163
4294967294,1158
4294967294,1019
4294967294,992
4294967294,990
4294967294,989
4294967294,988
4294967294,987
4294967294,60
4294967279,524
4294967279,523
4294967278,339
4294967279,522
4294967278,338
4294967279,521
4294967278,337
4294967279,520
4294967278,336
4294967294,50
4294967294,180
4294967294,384
4294967294,30
4294967294,160
4294967294,164
4294967294,115
4294967294,165
4294967294,113
4294967294,168
4294967294,162
4294967294,104
4294967294,106
4294967294,166
4294967294,24
4294967294,175
4294967294,183
4294967294,177
4294967294,176
4294967278,277
4294967278,136
4294967278,135
4294967279,134
4294967278,134
4294967294,18
4294967294,127
4294967294,14
4294967294,126
4294967294,20
4294967294,13
4294967294,12
4294967278,11
4294967278,10
4294967278,8
4294967278,7
4294967278,6
4294967278,5
4294967278,259
4294967278,4
4294967279,132
4294967279,131
4294967279,130
4294967279,129
4294967279,128
4294967279,127
4294967279,126
4294967279,125
4294967279,124
4294967279,123
4294967279,122
4294967279,121
4294967278,335
4294967279,271
4294967278,276
4294967279,270
4294967279,279
4294967278,274
4294967278,273
4294967279,277
4294967278,270
4294967279,265
4294967278,269
4294967279,264
4294967278,268
4294967279,263
4294967278,267
4294967279,262
4294967278,281
4294967279,261
4294967278,265
4294967279,275
4294967278,334
4294967278,9
4294967279,258
4294967278,264
4294967279,257
4294967279,256
4294967279,255
4294967279,254
4294967278,258
4294967279,519
4294967278,257
4294967279,518
4294967278,333
4294967279,517
4294967278,332
4294967279,516
4294967278,331
4294967278,16
4294967278,15
4294967278,14
4294967278,13
4294967278,12
4294967278,330
4294967279,515
4294967278,329
4294967279,514
4294967278,328
4294967278,254
4294967279,513
4294967278,24
4294967278,23
4294967278,22
4294967278,21
4294967278,20
4294967278,19
4294967278,18
4294967278,17
4294967278,327
4294967279,512
4294967278,253
4294967278,251
4294967278,249
4294967278,246
4294967278,37
4294967278,36
4294967278,35
4294967278,34
4294967278,33
4294967278,32
4294967278,31
4294967278,30
4294967278,29
4294967278,28
4294967278,27
4294967278,26
4294967278,25
4294967279,21
4294967279,19
4294967279,18
4294967279,17
4294967279,15
4294967279,13
4294967279,12
4294967278,245
4294967294,437
4294967278,242
4294967278,241
4294967278,239
4294967279,319
4294967278,326
4294967278,236
4294967294,38
4294967294,37
4294967294,36
4294967294,39
4294967294,473
4294967279,318
4294967278,234
4294967278,235
4294967278,232
4294967278,230
4294967278,224
4294967278,228
16,5
16,4
4294967278,226
16,3
16,2
16,1
4294967278,225
4294967294,40
4294967278,222
4294967278,220
4294967278,218
4294967278,216
4294967294,163
4294967294,1089
4294967294,190
4294967294,996
4294967294,1015
4294967278,214
4294967279,317
14,4
4294967278,213
14,3
14,2
14,1
4294967278,325
4294967294,29
4294967278,212
4294967294,389
4294967294,390
4294967294,114
4294967294,388
4294967294,387
4294967294,1173
4294967278,209
4294967279,316
4294967278,324
4294967278,323
13,6
4294967294,41
4294967294,1422
4294967294,1421
4294967294,43
4294967294,44
4294967278,208
4294967278,322
4294967279,315
4294967279,314
4294967278,207
13,5
4294967294,76
4294967294,51
4294967294,52
4294967294,107
4294967294,53
4294967278,205
13,4
4294967278,204
13,3
13,2
13,1
4294967278,321
4294967294,88
4294967294,86
4294967294,84
4294967278,203
4294967294,99
4294967294,409
4294967294,395
4294967294,92
4294967294,90
4294967294,399
4294967294,407
4294967294,420
4294967294,178
4294967294,179
4294967294,1172
4294967294,444
4294967294,398
4294967294,118
4294967294,189
4294967294,450
4294967294,463
4294967294,472
4294967278,200
4294967279,313
4294967278,320
4294967278,319
12,5
4294967278,199
4294967294,89
4294967278,198
12,4
12,3
12,2
12,1
4294967279,312
4294967278,197
4294967278,196
4294967278,318
4294967279,311
4294967278,317
4294967279,310
4294967278,316
4294967278,191
4294967278,190
11,5
4294967278,189
11,4
11,3
11,2
11,1
4294967279,309
4294967278,188
4294967294,1001
4294967294,468
4294967294,424
4294967278,315
4294967294,186
4294967294,1000
4294967294,1175
4294967279,308
4294967278,186
